SM:2025-06-11T14:44:16.0000000Z
LM:2025-06-26T06:19:00.7652116Z
CT:image/jpeg
MA:604800
CL:27355
