SM:2025-06-11T14:44:16.0000000Z
LM:2025-06-17T11:21:25.6114620Z
CT:image/jpeg
MA:604800
CL:29322
