SM:2025-06-11T14:44:16.0000000Z
LM:2025-06-17T11:24:47.4808140Z
CT:image/png
MA:604800
CL:6768
