SM:2025-06-11T14:44:16.0000000Z
LM:2025-06-26T09:00:09.5828045Z
CT:image/jpeg
MA:604800
CL:10359
